,Mouth,Head,Opercula,Pec&Dor,Pelvic,Anal,Caudal
Mouth,1,0.92,0.92,0.77,0.86,0.55,0.55
Head,0.92,1,0.94,0.96,0.82,0.9,0.95
Opercula,0.92,0.94,1,0.9,0.71,0.77,0.84
Pec&Dor Fins,0.77,0.96,0.9,1,0.72,0.75,0.9
Pelvic Fins,0.86,0.82,0.71,0.72,1,0.91,0.89
Anal Area,0.55,0.9,0.77,0.75,0.91,1,0.95
Caudal Peduncle,0.55,0.95,0.84,0.9,0.89,0.95,1