,Mouth,Head,Opercula,Pec&Dor,Pelvic,Anal,Caudal
Mouth,1,0.82,0.96,0.76,0.76,0.56,0.44
Head,0.82,1,0.9,1.03,0.89,0.78,0.91
Opercula,0.96,0.9,1,1.07,0.73,0.83,0.91
Pec&Dor Fins,0.76,1.03,1.07,1,0.8,0.92,1.13
Pelvic Fins,0.76,0.89,0.73,0.8,1,1.05,0.97
Anal Area,0.56,0.78,0.83,0.92,1.05,1,1.21
Caudal Peduncle,0.44,0.91,0.91,1.13,0.97,1.21,1