,Mouth,Head,Opercula,Pec&Dor,Pelvic,Anal,Caudal
Mouth,1,0.8,0.88,0.72,0.77,0.97,1.12
Head,0.8,1,0.85,1.05,0.96,0.74,0.88
Opercula,0.88,0.85,1,0.92,0.92,0.85,1.07
Pec&Dor Fins,0.72,1.05,0.92,1,1.07,0.52,0.87
Pelvic Fins,0.77,0.96,0.92,1.07,1,0.48,0.89
Anal Area,0.97,0.74,0.85,0.52,0.48,1,1.13
Caudal Peduncle,1.12,0.88,1.07,0.87,0.89,1.13,1
