,Mouth,Head,Opercula,Pec&Dor,Pelvic,Anal,Caudal
Mouth,1,0.72,0.82,0.65,0.76,0.9,0.95
Head,0.72,1,0.85,0.95,0.96,0.89,0.85
Opercula,0.82,0.85,1,0.82,0.86,0.75,0.9
Pec&Dor Fins,0.65,0.95,0.82,1,0.92,0.49,0.75
Pelvic Fins,0.76,0.96,0.86,0.92,1,0.51,0.81
Anal Area,0.9,0.89,0.75,0.49,0.51,1,0.88
Caudal Peduncle,0.95,0.85,0.9,0.75,0.81,0.88,1